# The First Era — node positions (image-space pixels)
# id x y
0 1294.61 173.824
1 710.202 163.368
2 270.705 117.625
3 472.937 112.397
4 527.078 160.754
5 1079.63 79.7236
6 399.688 87.5653
7 1187.92 237.864
8 410.834 261.389
9 165.608 329.35
10 328.03 338.499
11 464.975 338.499
12 237.265 440.44
13 187.901 389.469
14 576.442 304.518
15 232.488 260.082
16 872.625 352.875
17 1106.7 382.935
18 987.276 297.983
19 1226.13 443.054
20 1162.44 490.104
21 708.61 432.599
22 778.674 334.578
23 864.663 491.411
24 937.912 431.292
25 875.81 618.185
26 383.764 614.264
27 305.737 559.372
28 671.985 602.501
29 157.646 601.194
30 495.23 496.639
31 286.629 708.364
32 507.97 639.096
33 229.303 658.7
34 1355.12 531.926
35 1383.78 610.343
36 1429.96 754.107
37 1503.21 670.463
38 1471.36 769.79
39 1254.8 690.067
40 1538.24 565.907
41 1054.16 645.631
42 907.657 744.958
43 660.838 758.028
44 1257.98 827.296
45 982.499 828.603
46 417.204 803.771
47 598.735 846.9
48 1049.38 746.265
49 480.899 888.722
